Column model parameter file, Ver 3.00. Stability constants and enthalpies from NIST Database 46 v. 8, except for Cu+2 + OH- complexes, which are from Paulson & Kester (1980) (stability constants) and Byrne et al. (1988) (enthalpies), entha
--------------------------------------------------------------------------------
Number of Components, Species, Phases, Linked Lists
28,   200,    0,    0
Component Charge  Type  Activity  Site Den
H,       1,    2,    2,    1
Cu,      2,    1,    2,    1
DOC,    -1,    2,    1,    .0006
Ni,      2,    1,    2,    1
Pb,      2,    1,    2,    1
Zn,      2,    1,    2,    1
Ala,    -1,    1,    1,    3.69136E-02
Glu,    -1,    1,    1,    3.69136E-02
His,    -1,    1,    1,    1.85243E-02
Met,    -1,    1,    1,    3.69136E-02
Phe,    -1,    1,    1,    3.69136E-02
Ser,    -1,    1,    1,    3.69136E-02
Try,    -1,    1,    1,    3.69136E-02
NTA,    -3,    1,    1,    1.00000E-12
Cys,	-2,    1,    1,    3.75817E-04
Hqu,    -1,    1,    1,    1.00000E-12
GlS,    -4,    1,    1,    3.75817E-04
EC4,    -4,    1,    1,    3.75817E-04
Ca,      2,    1,    2,    1
Mg,      2,    1,    2,    1
Na,      1,    1,    2,    1
K,       1,    1,    2,    1
SO4,    -2,    1,    2,    1
Cl,     -1,    1,    2,    1
CO3,    -2,    1,    2,    1
PO4,    -3,    1,    2,    1
BL1,    -1,    11,   1,    0.0000271
BL2,    -1,    11,   1,    0.09113
--------------------------------------------------------------------------------
Species   Type  Act.  iTemp iMonte pH  Cu DOC  Ni  Pb  Zn  Ala Glu His Met Phe Ser Try NTA Cys Hqu GlS EC4 Ca  Mg  Na  K   SO4 Cl  CO3 PO4 BL1   BL2   Log K   Var Log   Delta H  Temp    Conc
AlaH,     1,    1,    -1,    0,    1,  0,  0,  0,  0,  0,  1,  0,  0,  0,  0,  0,  0,  0,  0,  0,  0,  0,  0,  0,  0,  0,  0,  0,  0,  0,  0,    0,    9.71         0    -45220   298.15  0
AlaH2,    1,    1,    -1,    0,    2,  0,  0,  0,  0,  0,  1,  0,  0,  0,  0,  0,  0,  0,  0,  0,  0,  0,  0,  0,  0,  0,  0,  0,  0,  0,  0,    0,    12.06        0    -2000    298.15  0
AlaCa,    1,    1,    -1,    0,    0,  0,  0,  0,  0,  0,  1,  0,  0,  0,  0,  0,  0,  0,  0,  0,  0,  0,  1,  0,  0,  0,  0,  0,  0,  0,  0,    0,    1.3          0    4000     298.15  0
AlaMg,    1,    1,    -1,    0,    0,  0,  0,  0,  0,  0,  1,  0,  0,  0,  0,  0,  0,  0,  0,  0,  0,  0,  0,  1,  0,  0,  0,  0,  0,  0,  0,    0,    1.96         0    0        298.15  0
AlaNi,    1,    1,    -1,    0,    0,  0,  0,  1,  0,  0,  1,  0,  0,  0,  0,  0,  0,  0,  0,  0,  0,  0,  0,  0,  0,  0,  0,  0,  0,  0,  0,    0,    5.36         0    -14000   298.15  0
Ala2Ni,   1,    1,    -1,    0,    0,  0,  0,  1,  0,  0,  2,  0,  0,  0,  0,  0,  0,  0,  0,  0,  0,  0,  0,  0,  0,  0,  0,  0,  0,  0,  0,    0,    9.78         0    -30000   298.15  0
Ala3Ni,   1,    1,    -1,    0,    0,  0,  0,  1,  0,  0,  3,  0,  0,  0,  0,  0,  0,  0,  0,  0,  0,  0,  0,  0,  0,  0,  0,  0,  0,  0,  0,    0,    12.81        0    -56400   298.15  0
AlaCu,    1,    1,    -1,    0,    0,  1,  0,  0,  0,  0,  1,  0,  0,  0,  0,  0,  0,  0,  0,  0,  0,  0,  0,  0,  0,  0,  0,  0,  0,  0,  0,    0,    8.11         0    -22000   298.15  0
Ala2Cu,   1,    1,    -1,    0,    0,  1,  0,  0,  0,  0,  2,  0,  0,  0,  0,  0,  0,  0,  0,  0,  0,  0,  0,  0,  0,  0,  0,  0,  0,  0,  0,    0,    14.9         0    -49300   298.15  0
AlaHCu,   1,    1,    -1,    0,    1,  1,  0,  0,  0,  0,  1,  0,  0,  0,  0,  0,  0,  0,  0,  0,  0,  0,  0,  0,  0,  0,  0,  0,  0,  0,  0,    0,    10.88        0    0        298.15  0
AlaZn,    1,    1,    -1,    0,    0,  0,  0,  0,  0,  1,  1,  0,  0,  0,  0,  0,  0,  0,  0,  0,  0,  0,  0,  0,  0,  0,  0,  0,  0,  0,  0,    0,    4.58         0    -6600    298.15  0
Ala2Zn,   1,    1,    -1,    0,    0,  0,  0,  0,  0,  1,  2,  0,  0,  0,  0,  0,  0,  0,  0,  0,  0,  0,  0,  0,  0,  0,  0,  0,  0,  0,  0,    0,    8.71         0    0        298.15  0
AlaPb,    1,    1,    -1,    0,    0,  0,  0,  0,  1,  0,  1,  0,  0,  0,  0,  0,  0,  0,  0,  0,  0,  0,  0,  0,  0,  0,  0,  0,  0,  0,  0,    0,    4.15         0    0        298.15  0
Ala2Pb,   1,    1,    -1,    0,    0,  0,  0,  0,  1,  0,  2,  0,  0,  0,  0,  0,  0,  0,  0,  0,  0,  0,  0,  0,  0,  0,  0,  0,  0,  0,  0,    0,    8.13         0    0        298.15  0
GluH,     1,    1,    -1,    0,    1,  0,  0,  0,  0,  0,  0,  1,  0,  0,  0,  0,  0,  0,  0,  0,  0,  0,  0,  0,  0,  0,  0,  0,  0,  0,  0,    0,    9            0  -40000     298.15  0
GluH2,    1,    1,    -1,    0,    2,  0,  0,  0,  0,  0,  0,  1,  0,  0,  0,  0,  0,  0,  0,  0,  0,  0,  0,  0,  0,  0,  0,  0,  0,  0,  0,    0,    11.19        0  -42000     298.15  0
GluCu,    1,    1,    -1,    0,    0,  1,  0,  0,  0,  0,  0,  1,  0,  0,  0,  0,  0,  0,  0,  0,  0,  0,  0,  0,  0,  0,  0,  0,  0,  0,  0,    0,    7.7          0  0          298.15  0
Glu2Cu,   1,    1,    -1,    0,    0,  1,  0,  0,  0,  0,  0,  2,  0,  0,  0,  0,  0,  0,  0,  0,  0,  0,  0,  0,  0,  0,  0,  0,  0,  0,  0,    0,    14.1         0  0          298.15  0
GluZn,    1,    1,    -1,    0,    0,  0,  0,  0,  0,  1,  0,  1,  0,  0,  0,  0,  0,  0,  0,  0,  0,  0,  0,  0,  0,  0,  0,  0,  0,  0,  0,    0,    4.22         0  0          298.15  0
Glu2Zn,   1,    1,    -1,    0,    0,  0,  0,  0,  0,  1,  0,  2,  0,  0,  0,  0,  0,  0,  0,  0,  0,  0,  0,  0,  0,  0,  0,  0,  0,  0,  0,    0,    7.8          0  0          298.15  0
GluPb,    1,    1,    -1,    0,    0,  0,  0,  0,  1,  0,  0,  1,  0,  0,  0,  0,  0,  0,  0,  0,  0,  0,  0,  0,  0,  0,  0,  0,  0,  0,  0,    0,    4.7          0  0          298.15  0
Glu2Pb,   1,    1,    -1,    0,    0,  0,  0,  0,  1,  0,  0,  2,  0,  0,  0,  0,  0,  0,  0,  0,  0,  0,  0,  0,  0,  0,  0,  0,  0,  0,  0,    0,    8.4          0  0          298.15  0
Glu3Pb,   1,    1,    -1,    0,    0,  0,  0,  0,  1,  0,  0,  3,  0,  0,  0,  0,  0,  0,  0,  0,  0,  0,  0,  0,  0,  0,  0,  0,  0,  0,  0,    0,    10.1         0  0          298.15  0
HisH,     1,    1,    -1,    0,    1,  0,  0,  0,  0,  0,  0,  0,  1,  0,  0,  0,  0,  0,  0,  0,  0,  0,  0,  0,  0,  0,  0,  0,  0,  0,  0,    0,    9.1          0  -43900     298.15  0
HisH2,    1,    1,    -1,    0,    2,  0,  0,  0,  0,  0,  0,  0,  1,  0,  0,  0,  0,  0,  0,  0,  0,  0,  0,  0,  0,  0,  0,  0,  0,  0,  0,    0,    15.15        0  -72900     298.15  0
HisH3,    1,    1,    -1,    0,    3,  0,  0,  0,  0,  0,  0,  0,  1,  0,  0,  0,  0,  0,  0,  0,  0,  0,  0,  0,  0,  0,  0,  0,  0,  0,  0,    0,    16.85        0  -77000     298.15  0
HisNa,    1,    1,    -1,    0,    0,  0,  0,  0,  0,  0,  0,  0,  1,  0,  0,  0,  0,  0,  0,  0,  0,  0,  0,  0,  1,  0,  0,  0,  0,  0,  0,    0,    -0.7         0  0          298.15  0
HisCa,    1,    1,    -1,    0,    0,  0,  0,  0,  0,  0,  0,  0,  1,  0,  0,  0,  0,  0,  0,  0,  0,  0,  1,  0,  0,  0,  0,  0,  0,  0,  0,    0,    1.21         0  0          298.15  0
HisNi,    1,    1,    -1,    0,    0,  0,  0,  1,  0,  0,  0,  0,  1,  0,  0,  0,  0,  0,  0,  0,  0,  0,  0,  0,  0,  0,  0,  0,  0,  0,  0,    0,    8.66         0  -33000     298.15  0
His2Ni,   1,    1,    -1,    0,    0,  0,  0,  1,  0,  0,  0,  0,  2,  0,  0,  0,  0,  0,  0,  0,  0,  0,  0,  0,  0,  0,  0,  0,  0,  0,  0,    0,    15.52        0  -69000     298.15  0
HisCu,    1,    1,    -1,    0,    0,  1,  0,  0,  0,  0,  0,  0,  1,  0,  0,  0,  0,  0,  0,  0,  0,  0,  0,  0,  0,  0,  0,  0,  0,  0,  0,    0,    10.16        0  -46000     298.15  0
His2Cu,   1,    1,    -1,    0,    0,  1,  0,  0,  0,  0,  0,  0,  2,  0,  0,  0,  0,  0,  0,  0,  0,  0,  0,  0,  0,  0,  0,  0,  0,  0,  0,    0,    18.07        0  -85300     298.15  0
HisHCu,   1,    1,    -1,    0,    1,  1,  0,  0,  0,  0,  0,  0,  1,  0,  0,  0,  0,  0,  0,  0,  0,  0,  0,  0,  0,  0,  0,  0,  0,  0,  0,    0,    14.2         0  0          298.15  0
HisZn,    1,    1,    -1,    0,    0,  0,  0,  0,  0,  1,  0,  0,  1,  0,  0,  0,  0,  0,  0,  0,  0,  0,  0,  0,  0,  0,  0,  0,  0,  0,  0,    0,    6.51         0  -4800      298.15  0
His2Zn,   1,    1,    -1,    0,    0,  0,  0,  0,  0,  1,  0,  0,  2,  0,  0,  0,  0,  0,  0,  0,  0,  0,  0,  0,  0,  0,  0,  0,  0,  0,  0,    0,    12.04        0  0          298.15  0
HisHZn,   1,    1,    -1,    0,    1,  0,  0,  0,  0,  1,  0,  0,  1,  0,  0,  0,  0,  0,  0,  0,  0,  0,  0,  0,  0,  0,  0,  0,  0,  0,  0,    0,    11.37        0  0          298.15  0
HisPb,    1,    1,    -1,    0,    0,  0,  0,  0,  1,  0,  0,  0,  1,  0,  0,  0,  0,  0,  0,  0,  0,  0,  0,  0,  0,  0,  0,  0,  0,  0,  0,    0,    5.94         0  0          298.15  0
His2Pb,   1,    1,    -1,    0,    0,  0,  0,  0,  1,  0,  0,  0,  2,  0,  0,  0,  0,  0,  0,  0,  0,  0,  0,  0,  0,  0,  0,  0,  0,  0,  0,    0,    10.11        0  0          298.15  0
MetH,     1,    1,    -1,    0,    1,  0,  0,  0,  0,  0,  0,  0,  0,  1,  0,  0,  0,  0,  0,  0,  0,  0,  0,  0,  0,  0,  0,  0,  0,  0,  0,    0,    9.08         0  -43000     298.15  0
MetH2,    1,    1,    -1,    0,    2,  0,  0,  0,  0,  0,  0,  0,  0,  1,  0,  0,  0,  0,  0,  0,  0,  0,  0,  0,  0,  0,  0,  0,  0,  0,  0,    0,    11.26        0  -45000     298.15  0
MetNi,    1,    1,    -1,    0,    0,  0,  0,  1,  0,  0,  0,  0,  0,  1,  0,  0,  0,  0,  0,  0,  0,  0,  0,  0,  0,  0,  0,  0,  0,  0,  0,    0,    5.27         0  -13000     298.15  0
MetCu,    1,    1,    -1,    0,    0,  1,  0,  0,  0,  0,  0,  0,  0,  1,  0,  0,  0,  0,  0,  0,  0,  0,  0,  0,  0,  0,  0,  0,  0,  0,  0,    0,    7.85         0  0          298.15  0
MetZn,    1,    1,    -1,    0,    0,  0,  0,  0,  0,  1,  0,  0,  0,  1,  0,  0,  0,  0,  0,  0,  0,  0,  0,  0,  0,  0,  0,  0,  0,  0,  0,    0,    4.38         0  0          298.15  0
MetPb,    1,    1,    -1,    0,    0,  0,  0,  0,  1,  0,  0,  0,  0,  1,  0,  0,  0,  0,  0,  0,  0,  0,  0,  0,  0,  0,  0,  0,  0,  0,  0,    0,    3.68         0  0          298.15  0
PheH,     1,    1,    -1,    0,    1,  0,  0,  0,  0,  0,  0,  0,  0,  0,  1,  0,  0,  0,  0,  0,  0,  0,  0,  0,  0,  0,  0,  0,  0,  0,  0,    0,    9.09         0  -44700     298.15  0
PheH2,    1,    1,    -1,    0,    2,  0,  0,  0,  0,  0,  0,  0,  0,  0,  1,  0,  0,  0,  0,  0,  0,  0,  0,  0,  0,  0,  0,  0,  0,  0,  0,    0,    11.27        0  -46700     298.15  0
PheNi,    1,    1,    -1,    0,    0,  0,  0,  1,  0,  0,  0,  0,  0,  0,  1,  0,  0,  0,  0,  0,  0,  0,  0,  0,  0,  0,  0,  0,  0,  0,  0,    0,    5.35         0  -13000     298.15  0
Phe2Ni,   1,    1,    -1,    0,    0,  0,  0,  1,  0,  0,  0,  0,  0,  0,  2,  0,  0,  0,  0,  0,  0,  0,  0,  0,  0,  0,  0,  0,  0,  0,  0,    0,    9.5          0  -27000     298.15  0
PheCu,    1,    1,    -1,    0,    0,  1,  0,  0,  0,  0,  0,  0,  0,  0,  1,  0,  0,  0,  0,  0,  0,  0,  0,  0,  0,  0,  0,  0,  0,  0,  0,    0,    7.8          0  -22000     298.15  0
Phe2Cu,   1,    1,    -1,    0,    0,  1,  0,  0,  0,  0,  0,  0,  0,  0,  2,  0,  0,  0,  0,  0,  0,  0,  0,  0,  0,  0,  0,  0,  0,  0,  0,    0,    14.7         0  -48900     298.15  0
PheHCu,   1,    1,    -1,    0,    1,  1,  0,  0,  0,  0,  0,  0,  0,  0,  1,  0,  0,  0,  0,  0,  0,  0,  0,  0,  0,  0,  0,  0,  0,  0,  0,    0,    9.95         0  0          298.15  0
PheZn,    1,    1,    -1,    0,    0,  0,  0,  0,  0,  1,  0,  0,  0,  0,  1,  0,  0,  0,  0,  0,  0,  0,  0,  0,  0,  0,  0,  0,  0,  0,  0,    0,    4.31         0  -4100      298.15  0
Phe2Zn,   1,    1,    -1,    0,    0,  0,  0,  0,  0,  1,  0,  0,  0,  0,  2,  0,  0,  0,  0,  0,  0,  0,  0,  0,  0,  0,  0,  0,  0,  0,  0,    0,    8.3          0  -10000     298.15  0
PhePb,    1,    1,    -1,    0,    0,  0,  0,  0,  1,  0,  0,  0,  0,  0,  1,  0,  0,  0,  0,  0,  0,  0,  0,  0,  0,  0,  0,  0,  0,  0,  0,    0,    4.63         0  0          298.15  0
Phe2Pb,   1,    1,    -1,    0,    0,  0,  0,  0,  1,  0,  0,  0,  0,  0,  2,  0,  0,  0,  0,  0,  0,  0,  0,  0,  0,  0,  0,  0,  0,  0,  0,    0,    8.35         0  0          298.15  0
SerH,     1,    1,    -1,    0,    1,  0,  0,  0,  0,  0,  0,  0,  0,  0,  0,  1,  0,  0,  0,  0,  0,  0,  0,  0,  0,  0,  0,  0,  0,  0,  0,    0,    9.05         0  -43000     298.15  0
SerH2,    1,    1,    -1,    0,    2,  0,  0,  0,  0,  0,  0,  0,  0,  0,  0,  1,  0,  0,  0,  0,  0,  0,  0,  0,  0,  0,  0,  0,  0,  0,  0,    0,    11.21        0  -46000     298.15  0
SerMg,    1,    1,    -1,    0,    0,  0,  0,  0,  0,  0,  0,  0,  0,  0,  0,  1,  0,  0,  0,  0,  0,  0,  0,  1,  0,  0,  0,  0,  0,  0,  0,    0,    1.03         0  0          298.15  0
SerCa,    1,    1,    -1,    0,    0,  0,  0,  0,  0,  0,  0,  0,  0,  0,  0,  1,  0,  0,  0,  0,  0,  0,  1,  0,  0,  0,  0,  0,  0,  0,  0,    0,    1.43         0  0          298.15  0
SerNi,    1,    1,    -1,    0,    0,  0,  0,  1,  0,  0,  0,  0,  0,  0,  0,  1,  0,  0,  0,  0,  0,  0,  0,  0,  0,  0,  0,  0,  0,  0,  0,    0,    5.4          0  -15000     298.15  0
SerCu,    1,    1,    -1,    0,    0,  1,  0,  0,  0,  0,  0,  0,  0,  0,  0,  1,  0,  0,  0,  0,  0,  0,  0,  0,  0,  0,  0,  0,  0,  0,  0,    0,    7.9          0  -23000     298.15  0
Ser2Cu,   1,    1,    -1,    0,    0,  1,  0,  0,  0,  0,  0,  0,  0,  0,  0,  2,  0,  0,  0,  0,  0,  0,  0,  0,  0,  0,  0,  0,  0,  0,  0,    0,    14.5         0  -48900     298.15  0
SerZn,    1,    1,    -1,    0,    0,  0,  0,  0,  0,  1,  0,  0,  0,  0,  0,  1,  0,  0,  0,  0,  0,  0,  0,  0,  0,  0,  0,  0,  0,  0,  0,    0,    4.6          0  -9600      298.15  0
Ser2Zn,   1,    1,    -1,    0,    0,  0,  0,  0,  0,  1,  0,  0,  0,  0,  0,  2,  0,  0,  0,  0,  0,  0,  0,  0,  0,  0,  0,  0,  0,  0,  0,    0,    8.43         0  0          298.15  0
SerPb,    1,    1,    -1,    0,    0,  0,  0,  0,  1,  0,  0,  0,  0,  0,  0,  1,  0,  0,  0,  0,  0,  0,  0,  0,  0,  0,  0,  0,  0,  0,  0,    0,    4.41         0  0          298.15  0
Ser2Pb,   1,    1,    -1,    0,    0,  0,  0,  0,  1,  0,  0,  0,  0,  0,  0,  2,  0,  0,  0,  0,  0,  0,  0,  0,  0,  0,  0,  0,  0,  0,  0,    0,    7.51         0  0          298.15  0
TryH,     1,    1,    -1,    0,    1,  0,  0,  0,  0,  0,  0,  0,  0,  0,  0,  0,  1,  0,  0,  0,  0,  0,  0,  0,  0,  0,  0,  0,  0,  0,  0,    0,    9.33         0  -44700     298.15  0
TryH2,    1,    1,    -1,    0,    2,  0,  0,  0,  0,  0,  0,  0,  0,  0,  0,  0,  1,  0,  0,  0,  0,  0,  0,  0,  0,  0,  0,  0,  0,  0,  0,    0,    11.7         0  -49300     298.15  0
TryNi,    1,    1,    -1,    0,    0,  0,  0,  1,  0,  0,  0,  0,  0,  0,  0,  0,  1,  0,  0,  0,  0,  0,  0,  0,  0,  0,  0,  0,  0,  0,  0,    0,    5.48         0  -23000     298.15  0
Try2Ni,   1,    1,    -1,    0,    0,  0,  0,  1,  0,  0,  0,  0,  0,  0,  0,  0,  2,  0,  0,  0,  0,  0,  0,  0,  0,  0,  0,  0,  0,  0,  0,    0,    10.4         0  -49300     298.15  0
TryCu,    1,    1,    -1,    0,    0,  1,  0,  0,  0,  0,  0,  0,  0,  0,  0,  0,  1,  0,  0,  0,  0,  0,  0,  0,  0,  0,  0,  0,  0,  0,  0,    0,    8.21         0  -23000     298.15  0
Try2Cu,   1,    1,    -1,    0,    0,  1,  0,  0,  0,  0,  0,  0,  0,  0,  0,  0,  2,  0,  0,  0,  0,  0,  0,  0,  0,  0,  0,  0,  0,  0,  0,    0,    15.5         0  -54300     298.15  0
TryZn,    1,    1,    -1,    0,    0,  0,  0,  0,  0,  1,  0,  0,  0,  0,  0,  0,  1,  0,  0,  0,  0,  0,  0,  0,  0,  0,  0,  0,  0,  0,  0,    0,    4.69         0  -12000     298.15  0
Try2Zn,   1,    1,    -1,    0,    0,  0,  0,  0,  0,  1,  0,  0,  0,  0,  0,  0,  2,  0,  0,  0,  0,  0,  0,  0,  0,  0,  0,  0,  0,  0,  0,    0,    8.94         0  -24000     298.15  0
TryPb,    1,    1,    -1,    0,    0,  0,  0,  0,  1,  0,  0,  0,  0,  0,  0,  0,  1,  0,  0,  0,  0,  0,  0,  0,  0,  0,  0,  0,  0,  0,  0,    0,    5.08         0  0          298.15  0
Try2Pb,   1,    1,    -1,    0,    0,  0,  0,  0,  1,  0,  0,  0,  0,  0,  0,  0,  2,  0,  0,  0,  0,  0,  0,  0,  0,  0,  0,  0,  0,  0,  0,    0,    9.62         0  0          298.15  0
NTAH,     1,    1,    -1,    0,    1,  0,  0,  0,  0,  0,  0,  0,  0,  0,  0,  0,  0,  1,  0,  0,  0,  0,  0,  0,  0,  0,  0,  0,  0,  0,  0,    0,    9.65         0    -19000   298.15  0
NTAH2,    1,    1,    -1,    0,    2,  0,  0,  0,  0,  0,  0,  0,  0,  0,  0,  0,  0,  1,  0,  0,  0,  0,  0,  0,  0,  0,  0,  0,  0,  0,  0,    0,   12.17         0    -18000   298.15  0
NTAH3,    1,    1,    -1,    0,    3,  0,  0,  0,  0,  0,  0,  0,  0,  0,  0,  0,  0,  1,  0,  0,  0,  0,  0,  0,  0,  0,  0,  0,  0,  0,  0,    0,   13.98         0    -16000   298.15  0
NTAH3,    1,    1,    -1,    0,    4,  0,  0,  0,  0,  0,  0,  0,  0,  0,  0,  0,  0,  1,  0,  0,  0,  0,  0,  0,  0,  0,  0,  0,  0,  0,  0,    0,   14.98         0     -7700   298.15  0
NTANa,    1,    1,    -1,    0,    0,  0,  0,  0,  0,  0,  0,  0,  0,  0,  0,  0,  0,  1,  0,  0,  0,  0,  0,  0,  1,  0,  0,  0,  0,  0,  0,    0,    1.2          0      8000   298.15  0
NTAK,     1,    1,    -1,    0,    0,  0,  0,  0,  0,  0,  0,  0,  0,  0,  0,  0,  0,  1,  0,  0,  0,  0,  0,  0,  0,  1,  0,  0,  0,  0,  0,    0,    0.6          0     16000   298.15  0
NTAMg,    1,    1,    -1,    0,    0,  0,  0,  0,  0,  0,  0,  0,  0,  0,  0,  0,  0,  1,  0,  0,  0,  0,  0,  1,  0,  0,  0,  0,  0,  0,  0,    0,    6.5          0     17000   298.15  0
NTACa,    1,    1,    -1,    0,    0,  0,  0,  0,  0,  0,  0,  0,  0,  0,  0,  0,  0,  1,  0,  0,  0,  0,  1,  0,  0,  0,  0,  0,  0,  0,  0,    0,    6.3          0     -5690   298.15  0
NTACa2,   1,    1,    -1,    0,    0,  0,  0,  0,  0,  0,  0,  0,  0,  0,  0,  0,  0,  1,  0,  0,  0,  0,  2,  0,  0,  0,  0,  0,  0,  0,  0,    0,    9.04         0     -7800   298.15  0
NTANi,    1,    1,    -1,    0,    0,  0,  0,  1,  0,  0,  0,  0,  0,  0,  0,  0,  0,  1,  0,  0,  0,  0,  0,  0,  0,  0,  0,  0,  0,  0,  0,    0,   11.51         0    -10000   298.15  0
NTA2Ni,   1,    1,    -1,    0,    0,  0,  0,  1,  0,  0,  0,  0,  0,  0,  0,  0,  0,  2,  0,  0,  0,  0,  0,  0,  0,  0,  0,  0,  0,  0,  0,    0,   16.32         0    -32000   298.15  0
NTACu,    1,    1,    -1,    0,    0,  1,  0,  0,  0,  0,  0,  0,  0,  0,  0,  0,  0,  1,  0,  0,  0,  0,  0,  0,  0,  0,  0,  0,  0,  0,  0,    0,   12.7          0     -7900   298.15  0
NTA2Cu,   1,    1,    -1,    0,    0,  1,  0,  0,  0,  0,  0,  0,  0,  0,  0,  0,  0,  2,  0,  0,  0,  0,  0,  0,  0,  0,  0,  0,  0,  0,  0,    0,   17.4          0    -35000   298.15  0
NTAZn,    1,    1,    -1,    0,    0,  0,  0,  0,  0,  1,  0,  0,  0,  0,  0,  0,  0,  1,  0,  0,  0,  0,  0,  0,  0,  0,  0,  0,  0,  0,  0,    0,   10.56         0     -3000   298.15  0
NTA2Zn,   1,    1,    -1,    0,    0,  0,  0,  0,  0,  1,  0,  0,  0,  0,  0,  0,  0,  2,  0,  0,  0,  0,  0,  0,  0,  0,  0,  0,  0,  0,  0,    0,   14.24         0    -15000   298.15  0
NTAPb,    1,    1,    -1,    0,    0,  0,  0,  0,  1,  0,  0,  0,  0,  0,  0,  0,  0,  1,  0,  0,  0,  0,  0,  0,  0,  0,  0,  0,  0,  0,  0,    0,   11.48         0    -15000   298.15  0
NTA2Pb,   1,    1,    -1,    0,    0,  0,  0,  0,  1,  0,  0,  0,  0,  0,  0,  0,  0,  2,  0,  0,  0,  0,  0,  0,  0,  0,  0,  0,  0,  0,  0,    0,   12.8          0    0        298.15  0
CysH,     1,    1,    -1,    0,    1,  0,  0,  0,  0,  0,  0,  0,  0,  0,  0,  0,  0,  0,  1,  0,  0,  0,  0,  0,  0,  0,  0,  0,  0,  0,  0,    0,   10.30         0    -35000   298.15  0
CysH2,    1,    1,    -1,    0,    2,  0,  0,  0,  0,  0,  0,  0,  0,  0,  0,  0,  0,  0,  1,  0,  0,  0,  0,  0,  0,  0,  0,  0,  0,  0,  0,    0,   18.48         0    -70000   298.15  0
CysH3,    1,    1,    -1,    0,    3,  0,  0,  0,  0,  0,  0,  0,  0,  0,  0,  0,  0,  0,  1,  0,  0,  0,  0,  0,  0,  0,  0,  0,  0,  0,  0,    0,   20.38         0    -72000   298.15  0
CysCu,    1,    1,    -1,    0,    0,  1,  0,  0,  0,  0,  0,  0,  0,  0,  0,  0,  0,  0,  1,  0,  0,  0,  0,  0,  0,  0,  0,  0,  0,  0,  0,    0,   13.38         0    0        293.15  0
Cys2Cu,   1,    1,    -1,    0,    0,  1,  0,  0,  0,  0,  0,  0,  0,  0,  0,  0,  0,  0,  2,  0,  0,  0,  0,  0,  0,  0,  0,  0,  0,  0,  0,    0,   16.0          0    0        298.15  0
CysNi,    1,    1,    -1,    0,    0,  0,  0,  1,  0,  0,  0,  0,  0,  0,  0,  0,  0,  0,  1,  0,  0,  0,  0,  0,  0,  0,  0,  0,  0,  0,  0,    0,    9.79         0    -25000   298.15  0
Cys2Ni,   1,    1,    -1,    0,    0,  0,  0,  1,  0,  0,  0,  0,  0,  0,  0,  0,  0,  0,  2,  0,  0,  0,  0,  0,  0,  0,  0,  0,  0,  0,  0,    0,   19.219        0    -58000   298.15  0
Cys3Ni2,  1,    1,    -1,    0,    0,  0,  0,  2,  0,  0,  0,  0,  0,  0,  0,  0,  0,  0,  3,  0,  0,  0,  0,  0,  0,  0,  0,  0,  0,  0,  0,    0,   31.49         0    0        310.15  0
CysHNi,   1,    1,    -1,    0,    1,  0,  0,  1,  0,  0,  0,  0,  0,  0,  0,  0,  0,  0,  1,  0,  0,  0,  0,  0,  0,  0,  0,  0,  0,  0,  0,    0,   14.68         0    0        293.15  0
CysPb,    1,    1,    -1,    0,    0,  0,  0,  0,  1,  0,  0,  0,  0,  0,  0,  0,  0,  0,  1,  0,  0,  0,  0,  0,  0,  0,  0,  0,  0,  0,  0,    0,   12.20         0    -41000   298.15  0
Cys2Pb,   1,    1,    -1,    0,    0,  0,  0,  0,  1,  0,  0,  0,  0,  0,  0,  0,  0,  0,  2,  0,  0,  0,  0,  0,  0,  0,  0,  0,  0,  0,  0,    0,   15.9          0    0        298.15  0
CysHPb,   1,    1,    -1,    0,    1,  0,  0,  0,  1,  0,  0,  0,  0,  0,  0,  0,  0,  0,  1,  0,  0,  0,  0,  0,  0,  0,  0,  0,  0,  0,  0,    0,   16.27         0    -55000   298.15  0
Cys2HPb,  1,    1,    -1,    0,    1,  0,  0,  0,  1,  0,  0,  0,  0,  0,  0,  0,  0,  0,  2,  0,  0,  0,  0,  0,  0,  0,  0,  0,  0,  0,  0,    0,   27.4          0    -112000  298.15  0
CysZn,    1,    1,    -1,    0,    0,  0,  0,  0,  0,  1,  0,  0,  0,  0,  0,  0,  0,  0,  1,  0,  0,  0,  0,  0,  0,  0,  0,  0,  0,  0,  0,    0,    8.91         0    0        304.75  0
Cys2Zn,   1,    1,    -1,    0,    0,  0,  0,  0,  0,  1,  0,  0,  0,  0,  0,  0,  0,  0,  2,  0,  0,  0,  0,  0,  0,  0,  0,  0,  0,  0,  0,    0,   17.61         0    0        304.75  0
Cys3Zn,   1,    1,    -1,    0,    0,  0,  0,  0,  0,  1,  0,  0,  0,  0,  0,  0,  0,  0,  3,  0,  0,  0,  0,  0,  0,  0,  0,  0,  0,  0,  0,    0,   22.41         0    0        304.75  0
Cys2HZn,  1,    1,    -1,    0,    1,  0,  0,  0,  0,  1,  0,  0,  0,  0,  0,  0,  0,  0,  2,  0,  0,  0,  0,  0,  0,  0,  0,  0,  0,  0,  0,    0,   24.42         0    0        298.15  0
CysCa,    1,    1,    -1,    0,    0,  0,  0,  0,  0,  0,  0,  0,  0,  0,  0,  0,  0,  0,  1,  0,  0,  0,  1,  0,  0,  0,  0,  0,  0,  0,  0,    0,    2.50         0    0        293.15  0
CysMg,    1,    1,    -1,    0,    0,  0,  0,  0,  0,  0,  0,  0,  0,  0,  0,  0,  0,  0,  1,  0,  0,  0,  0,  1,  0,  0,  0,  0,  0,  0,  0,    0,    2.75         0    0        293.15  0
HquH,     1,    1,    -1,    0,    1,  0,  0,  0,  0,  0,  0,  0,  0,  0,  0,  0,  0,  0,  0,  1,  0,  0,  0,  0,  0,  0,  0,  0,  0,  0,  0,    0,    9.82         0    -29000   298.15  0
HquH2,    1,    1,    -1,    0,    2,  0,  0,  0,  0,  0,  0,  0,  0,  0,  0,  0,  0,  0,  0,  1,  0,  0,  0,  0,  0,  0,  0,  0,  0,  0,  0,    0,   14.76         0    -49000   298.15  0
HquMg,    1,    1,    -1,    0,    0,  0,  0,  0,  0,  0,  0,  0,  0,  0,  0,  0,  0,  0,  0,  1,  0,  0,  0,  1,  0,  0,  0,  0,  0,  0,  0,    0,    4.74         0    0        293.15  0
HquCa,    1,    1,    -1,    0,    0,  0,  0,  0,  0,  0,  0,  0,  0,  0,  0,  0,  0,  0,  0,  1,  0,  0,  1,  0,  0,  0,  0,  0,  0,  0,  0,    0,    3.27         0    0        293.15  0
HquNi,    1,    1,    -1,    0,    0,  0,  0,  1,  0,  0,  0,  0,  0,  0,  0,  0,  0,  0,  0,  1,  0,  0,  0,  0,  0,  0,  0,  0,  0,  0,  0,    0,    9.27         0    0        298.15  0
HquCu,    1,    1,    -1,    0,    0,  1,  0,  0,  0,  0,  0,  0,  0,  0,  0,  0,  0,  0,  0,  1,  0,  0,  0,  0,  0,  0,  0,  0,  0,  0,  0,    0,   12.0          0    0        298.15  0
Hqu2Cu,   1,    1,    -1,    0,    0,  1,  0,  0,  0,  0,  0,  0,  0,  0,  0,  0,  0,  0,  0,  2,  0,  0,  0,  0,  0,  0,  0,  0,  0,  0,  0,    0,   22.9          0    0        298.15  0
HquZn,    1,    1,    -1,    0,    0,  0,  0,  0,  0,  1,  0,  0,  0,  0,  0,  0,  0,  0,  0,  1,  0,  0,  0,  0,  0,  0,  0,  0,  0,  0,  0,    0,    8.52         0    0        298.15  0
Hqu2Zn,   1,    1,    -1,    0,    0,  0,  0,  0,  0,  1,  0,  0,  0,  0,  0,  0,  0,  0,  0,  2,  0,  0,  0,  0,  0,  0,  0,  0,  0,  0,  0,    0,   15.8          0    0        298.15  0
HquPb,    1,    1,    -1,    0,    0,  0,  0,  0,  1,  0,  0,  0,  0,  0,  0,  0,  0,  0,  0,  1,  0,  0,  0,  0,  0,  0,  0,  0,  0,  0,  0,    0,    9.02         0    0        298.15  0
GlSH,     1,    1,    -1,    0,    1,  0,  0,  0,  0,  0,  0,  0,  0,  0,  0,  0,  0,  0,  0,  0,  1,  0,  0,  0,  0,  0,  0,  0,  0,  0,  0,    0,    9.81         0    -36000   298.15  0
GlSH2,    1,    1,    -1,    0,    2,  0,  0,  0,  0,  0,  0,  0,  0,  0,  0,  0,  0,  0,  0,  0,  1,  0,  0,  0,  0,  0,  0,  0,  0,  0,  0,    0,   18.66         0    -76000   298.15  0
GlSH3,    1,    1,    -1,    0,    3,  0,  0,  0,  0,  0,  0,  0,  0,  0,  0,  0,  0,  0,  0,  0,  1,  0,  0,  0,  0,  0,  0,  0,  0,  0,  0,    0,   22.49         0    0        298.15  0
GlSH4,    1,    1,    -1,    0,    4,  0,  0,  0,  0,  0,  0,  0,  0,  0,  0,  0,  0,  0,  0,  0,  1,  0,  0,  0,  0,  0,  0,  0,  0,  0,  0,    0,   25.65         0    0        298.15  0
GlSH5,    1,    1,    -1,    0,    5,  0,  0,  0,  0,  0,  0,  0,  0,  0,  0,  0,  0,  0,  0,  0,  1,  0,  0,  0,  0,  0,  0,  0,  0,  0,  0,    0,   28.00         0    0        298.15  0
GlSH6,    1,    1,    -1,    0,    6,  0,  0,  0,  0,  0,  0,  0,  0,  0,  0,  0,  0,  0,  0,  0,  1,  0,  0,  0,  0,  0,  0,  0,  0,  0,  0,    0,   29.50         0    0        298.15  0
GlSNi,    1,    1,    -1,    0,    0,  0,  0,  1,  0,  0,  0,  0,  0,  0,  0,  0,  0,  0,  0,  0,  1,  0,  0,  0,  0,  0,  0,  0,  0,  0,  0,    0,    9.15         0    -41800   298.15  0
GlSHNi,   1,    1,    -1,    0,    1,  0,  0,  1,  0,  0,  0,  0,  0,  0,  0,  0,  0,  0,  0,  0,  1,  0,  0,  0,  0,  0,  0,  0,  0,  0,  0,    0,   14.97         0    -74800   298.15  0
GlSNi2,   1,    1,    -1,    0,    0,  0,  0,  2,  0,  0,  0,  0,  0,  0,  0,  0,  0,  0,  0,  0,  1,  0,  0,  0,  0,  0,  0,  0,  0,  0,  0,    0,   11.45         0    -13800   298.15  0
GlSCu,    1,    1,    -1,    0,    0,  1,  0,  0,  0,  0,  0,  0,  0,  0,  0,  0,  0,  0,  0,  0,  1,  0,  0,  0,  0,  0,  0,  0,  0,  0,  0,    0,   13.82         0    -48900   298.15  0
GlSHCu,   1,    1,    -1,    0,    1,  1,  0,  0,  0,  0,  0,  0,  0,  0,  0,  0,  0,  0,  0,  0,  1,  0,  0,  0,  0,  0,  0,  0,  0,  0,  0,    0,   18.28         0    -69900   298.15  0
GlSH2Cu,  1,    1,    -1,    0,    2,  1,  0,  0,  0,  0,  0,  0,  0,  0,  0,  0,  0,  0,  0,  0,  1,  0,  0,  0,  0,  0,  0,  0,  0,  0,  0,    0,   21.72         0    0        298.15  0
GlSH3Cu,  1,    1,    -1,    0,    3,  1,  0,  0,  0,  0,  0,  0,  0,  0,  0,  0,  0,  0,  0,  0,  1,  0,  0,  0,  0,  0,  0,  0,  0,  0,  0,    0,   24.69         0    0        298.15  0
GlSCu2,   1,    1,    -1,    0,    0,  2,  0,  0,  0,  0,  0,  0,  0,  0,  0,  0,  0,  0,  0,  0,  1,  0,  0,  0,  0,  0,  0,  0,  0,  0,  0,    0,   16.31         0    0        298.15  0
GlS2Cu,   1,    1,    -1,    0,    0,  1,  0,  0,  0,  0,  0,  0,  0,  0,  0,  0,  0,  0,  0,  0,  2,  0,  0,  0,  0,  0,  0,  0,  0,  0,  0,    0,   15.44         0    0        310.15  0
GlSZn,    1,    1,    -1,    0,    0,  0,  0,  0,  0,  1,  0,  0,  0,  0,  0,  0,  0,  0,  0,  0,  1,  0,  0,  0,  0,  0,  0,  0,  0,  0,  0,    0,    7.60         0    0        298.15  0
GlSHZn,   1,    1,    -1,    0,    1,  0,  0,  0,  0,  1,  0,  0,  0,  0,  0,  0,  0,  0,  0,  0,  1,  0,  0,  0,  0,  0,  0,  0,  0,  0,  0,    0,   13.81         0    0        298.15  0
GlSZn2,   1,    1,    -1,    0,    0,  0,  0,  0,  0,  2,  0,  0,  0,  0,  0,  0,  0,  0,  0,  0,  1,  0,  0,  0,  0,  0,  0,  0,  0,  0,  0,    0,    9.80         0    0        298.15  0
EC4Cu,    1,    1,    -1,    0,    0,  1,  0,  0,  0,  0,  0,  0,  0,  0,  0,  0,  0,  0,  0,  0,  0,  1,  0,  0,  0,  0,  0,  0,  0,  0,  0,    0,   15.0          0    0        298.15  0
EC4Ni,    1,    1,    -1,    0,    0,  0,  0,  1,  0,  0,  0,  0,  0,  0,  0,  0,  0,  0,  0,  0,  0,  1,  0,  0,  0,  0,  0,  0,  0,  0,  0,    0,   10.2823       0    0        298.15  0
EC4Pb,    1,    1,    -1,    0,    0,  0,  0,  0,  1,  0,  0,  0,  0,  0,  0,  0,  0,  0,  0,  0,  0,  1,  0,  0,  0,  0,  0,  0,  0,  0,  0,    0,   10.6968       0    0        298.15  0
EC4Zn,    1,    1,    -1,    0,    0,  0,  0,  0,  0,  1,  0,  0,  0,  0,  0,  0,  0,  0,  0,  0,  0,  1,  0,  0,  0,  0,  0,  0,  0,  0,  0,    0,   12.1361       0    0        298.15  0
EC4H,     1,    1,    -1,    0,    1,  0,  0,  0,  0,  0,  0,  0,  0,  0,  0,  0,  0,  0,  0,  0,  0,  1,  0,  0,  0,  0,  0,  0,  0,  0,  0,    0,    9.45         0    0        298.15  0
EC4H2,    1,    1,    -1,    0,    2,  0,  0,  0,  0,  0,  0,  0,  0,  0,  0,  0,  0,  0,  0,  0,  0,  1,  0,  0,  0,  0,  0,  0,  0,  0,  0,    0,   13.45         0    0        298.15  0
BL1-Cu,  11,    1,    -1,    0,    0,  1,  0,  0,  0,  0,  0,  0,  0,  0,  0,  0,  0,  0,  0,  0,  0,  0,  0,  0,  0,  0,  0,  0,  0,  0,  1,    0,    15.796017    0    0        298.15  0
BL1-CuOH, 11,   1,    -1,    0,   -1,  1,  0,  0,  0,  0,  0,  0,  0,  0,  0,  0,  0,  0,  0,  0,  0,  0,  0,  0,  0,  0,  0,  0,  0,  0,  1,    0,    7.0960167    0    0        298.15  0
BL1-Ca,  11,    1,    -1,    0,    0,  0,  0,  0,  0,  0,  0,  0,  0,  0,  0,  0,  0,  0,  0,  0,  0,  0,  1,  0,  0,  0,  0,  0,  0,  0,  1,    0,    11.79602     0    0        298.15  0
BL1-H,   11,    1,    -1,    0,    1,  0,  0,  0,  0,  0,  0,  0,  0,  0,  0,  0,  0,  0,  0,  0,  0,  0,  0,  0,  0,  0,  0,  0,  0,  0,  1,    0,    5.4          0    0        298.15  0
BL1-Na,  11,    1,    -1,    0,    0,  0,  0,  0,  0,  0,  0,  0,  0,  0,  0,  0,  0,  0,  0,  0,  0,  0,  0,  0,  1,  0,  0,  0,  0,  0,  1,    0,    11.3         0    0        298.15  0
BL2-Cu,  11,    1,    -1,    0,    0,  1,  0,  0,  0,  0,  0,  0,  0,  0,  0,  0,  0,  0,  0,  0,  0,  0,  0,  0,  0,  0,  0,  0,  0,  0,  0,    1,    8.4913014    0    0        298.15  0
BL2-CuOH, 11,   1,    -1,    0,   -1,  1,  0,  0,  0,  0,  0,  0,  0,  0,  0,  0,  0,  0,  0,  0,  0,  0,  0,  0,  0,  0,  0,  0,  0,  0,  0,    1,    -0.208698    0    0        298.15  0
BL2-Ca,  11,    1,    -1,    0,    0,  0,  0,  0,  0,  0,  0,  0,  0,  0,  0,  0,  0,  0,  0,  0,  0,  0,  1,  0,  0,  0,  0,  0,  0,  0,  0,    1,    4.491301     0    0        298.15  0
BL2-H,   11,    1,    -1,    0,    1,  0,  0,  0,  0,  0,  0,  0,  0,  0,  0,  0,  0,  0,  0,  0,  0,  0,  0,  0,  0,  0,  0,  0,  0,  0,  0,    1,    -2.25        0    0        298.15  0
BL2-Na,  11,    1,    -1,    0,    0,  0,  0,  0,  0,  0,  0,  0,  0,  0,  0,  0,  0,  0,  0,  0,  0,  0,  0,  0,  1,  0,  0,  0,  0,  0,  0,    1,    4            0    0        298.15  0
OH,       1,    2,    -1,    0,   -1,  0,  0,  0,  0,  0,  0,  0,  0,  0,  0,  0,  0,  0,  0,  0,  0,  0,  0,  0,  0,  0,  0,  0,  0,  0,  0,    0,    -13.997      0    -55810   298.15  0
HCO3,     1,    2,    -1,    0,    1,  0,  0,  0,  0,  0,  0,  0,  0,  0,  0,  0,  0,  0,  0,  0,  0,  0,  0,  0,  0,  0,  0,  0,  1,  0,  0,    0,    10.329       0    -14600   298.15  0
H2CO3,    1,    2,    -1,    0,    2,  0,  0,  0,  0,  0,  0,  0,  0,  0,  0,  0,  0,  0,  0,  0,  0,  0,  0,  0,  0,  0,  0,  0,  1,  0,  0,    0,    16.681       0    -23760   298.15  0
HPO4,     1,    2,    -1,    0,    1,  0,  0,  0,  0,  0,  0,  0,  0,  0,  0,  0,  0,  0,  0,  0,  0,  0,  0,  0,  0,  0,  0,  0,  0,  1,  0,    0,    12.375       0    -15000   298.15  0
H2PO4,    1,    2,    -1,    0,    2,  0,  0,  0,  0,  0,  0,  0,  0,  0,  0,  0,  0,  0,  0,  0,  0,  0,  0,  0,  0,  0,  0,  0,  0,  1,  0,    0,    19.573       0    -18000   298.15  0
H3PO4,    1,    2,    -1,    0,    3,  0,  0,  0,  0,  0,  0,  0,  0,  0,  0,  0,  0,  0,  0,  0,  0,  0,  0,  0,  0,  0,  0,  0,  0,  1,  0,    0,    21.727       0    -10500   298.15  0
MgHCO3,   1,    2,    -1,    0,    1,  0,  0,  0,  0,  0,  0,  0,  0,  0,  0,  0,  0,  0,  0,  0,  0,  0,  0,  1,  0,  0,  0,  0,  1,  0,  0,    0,    11.339       0    -9600    298.15  0
MgCO3,    1,    2,    -1,    0,    0,  0,  0,  0,  0,  0,  0,  0,  0,  0,  0,  0,  0,  0,  0,  0,  0,  0,  0,  1,  0,  0,  0,  0,  1,  0,  0,    0,    2.92         0    10000    298.15  0
MgSO4,    1,    2,    -1,    0,    0,  0,  0,  0,  0,  0,  0,  0,  0,  0,  0,  0,  0,  0,  0,  0,  0,  0,  0,  1,  0,  0,  1,  0,  0,  0,  0,    0,    2.26         0    5800     298.15  0
MgHPO4,   1,    2,    -1,    0,    1,  0,  0,  0,  0,  0,  0,  0,  0,  0,  0,  0,  0,  0,  0,  0,  0,  0,  0,  1,  0,  0,  0,  0,  0,  1,  0,    0,    15.175       0    -3000    298.15  0
CaHCO3,   1,    2,    -1,    0,    1,  0,  0,  0,  0,  0,  0,  0,  0,  0,  0,  0,  0,  0,  0,  0,  0,  0,  1,  0,  0,  0,  0,  0,  1,  0,  0,    0,    11.529       0    4400     298.15  0
CaCO3,    1,    2,    -1,    0,    0,  0,  0,  0,  0,  0,  0,  0,  0,  0,  0,  0,  0,  0,  0,  0,  0,  0,  1,  0,  0,  0,  0,  0,  1,  0,  0,    0,    3.22         0    15000    298.15  0
CaSO4,    1,    2,    -1,    0,    0,  0,  0,  0,  0,  0,  0,  0,  0,  0,  0,  0,  0,  0,  0,  0,  0,  0,  1,  0,  0,  0,  1,  0,  0,  0,  0,    0,    2.36         0    7100     298.15  0
CaHPO4,   1,    2,    -1,    0,    1,  0,  0,  0,  0,  0,  0,  0,  0,  0,  0,  0,  0,  0,  0,  0,  0,  0,  1,  0,  0,  0,  0,  0,  0,  1,  0,    0,    15.035       0    -3000    298.15  0
NaCO3,    1,    2,    -1,    0,    0,  0,  0,  0,  0,  0,  0,  0,  0,  0,  0,  0,  0,  0,  0,  0,  0,  0,  0,  0,  1,  0,  0,  0,  1,  0,  0,    0,    1.27         0    0        298.15  0
CuOH,     1,    2,    -1,    0,   -1,  1,  0,  0,  0,  0,  0,  0,  0,  0,  0,  0,  0,  0,  0,  0,  0,  0,  0,  0,  0,  0,  0,  0,  0,  0,  0,    0,    -7.96        0    50200    298.15  0
Cu(OH)2,  1,    2,    -1,    0,   -2,  1,  0,  0,  0,  0,  0,  0,  0,  0,  0,  0,  0,  0,  0,  0,  0,  0,  0,  0,  0,  0,  0,  0,  0,  0,  0,    0,    -16.2        0    92100    298.15  0
CuHCO3,   1,    2,    -1,    0,    1,  1,  0,  0,  0,  0,  0,  0,  0,  0,  0,  0,  0,  0,  0,  0,  0,  0,  0,  0,  0,  0,  0,  0,  1,  0,  0,    0,    12.129       0    0        298.15  0
CuCO3,    1,    2,    -1,    0,    0,  1,  0,  0,  0,  0,  0,  0,  0,  0,  0,  0,  0,  0,  0,  0,  0,  0,  0,  0,  0,  0,  0,  0,  1,  0,  0,    0,    6.77         0    13000    298.15  0
Cu(CO3)2, 1,    2,    -1,    0,    0,  1,  0,  0,  0,  0,  0,  0,  0,  0,  0,  0,  0,  0,  0,  0,  0,  0,  0,  0,  0,  0,  0,  0,  2,  0,  0,    0,    10.2         0    0        298.15  0
CuSO4,    1,    2,    -1,    0,    0,  1,  0,  0,  0,  0,  0,  0,  0,  0,  0,  0,  0,  0,  0,  0,  0,  0,  0,  0,  0,  0,  1,  0,  0,  0,  0,    0,    2.36         0    8700     298.15  0
CuCl,     1,    2,    -1,    0,    0,  1,  0,  0,  0,  0,  0,  0,  0,  0,  0,  0,  0,  0,  0,  0,  0,  0,  0,  0,  0,  0,  0,  1,  0,  0,  0,    0,    0.4          0    8300     298.15  0
CuHPO4,   1,    2,    -1,    0,    1,  1,  0,  0,  0,  0,  0,  0,  0,  0,  0,  0,  0,  0,  0,  0,  0,  0,  0,  0,  0,  0,  0,  0,  0,  1,  0,    0,    15.68        0    0        298.15  0
CuH2PO4,  1,    2,    -1,    0,    2,  1,  0,  0,  0,  0,  0,  0,  0,  0,  0,  0,  0,  0,  0,  0,  0,  0,  0,  0,  0,  0,  0,  0,  0,  1,  0,    0,    22.473       0    11000    298.15  0
ZnOH,     1,    2,    -1,    0,   -1,  0,  0,  0,  0,  1,  0,  0,  0,  0,  0,  0,  0,  0,  0,  0,  0,  0,  0,  0,  0,  0,  0,  0,  0,  0,  0,    0,    -9.0986      0    0        298.15  0
Zn(OH)2,  1,    2,    -1,    0,   -2,  0,  0,  0,  0,  1,  0,  0,  0,  0,  0,  0,  0,  0,  0,  0,  0,  0,  0,  0,  0,  0,  0,  0,  0,  0,  0,    0,   -17.1438      0    0        298.15  0
ZnHCO3,   1,    2,    -1,    0,    1,  0,  0,  0,  0,  1,  0,  0,  0,  0,  0,  0,  0,  0,  0,  0,  0,  0,  0,  0,  0,  0,  0,  0,  1,  0,  0,    0,    13.12        0    0        298.15  0
ZnCO3,    1,    2,    -1,    0,    0,  0,  0,  0,  0,  1,  0,  0,  0,  0,  0,  0,  0,  0,  0,  0,  0,  0,  0,  0,  0,  0,  0,  0,  1,  0,  0,    0,     4.67        0    0        298.15  0
ZnSO4,    1,    2,    -1,    0,    0,  0,  0,  0,  0,  1,  0,  0,  0,  0,  0,  0,  0,  0,  0,  0,  0,  0,  0,  0,  0,  0,  1,  0,  0,  0,  0,    0,     2.38        0    0        298.15  0
ZnCl,     1,    2,    -1,    0,    0,  0,  0,  0,  0,  1,  0,  0,  0,  0,  0,  0,  0,  0,  0,  0,  0,  0,  0,  0,  0,  0,  0,  1,  0,  0,  0,    0,     0.4         0    0        298.15  0
PbOH,     1,    2,    -1,    0,   -1,  0,  0,  0,  1,  0,  0,  0,  0,  0,  0,  0,  0,  0,  0,  0,  0,  0,  0,  0,  0,  0,  0,  0,  0,  0,  0,    0,    -7.707       0    0        298.15  0
Pb(OH)2,  1,    2,    -1,    0,   -2,  0,  0,  0,  1,  0,  0,  0,  0,  0,  0,  0,  0,  0,  0,  0,  0,  0,  0,  0,  0,  0,  0,  0,  0,  0,  0,    0,   -17.114       0    0        298.15  0
PbCO3,    1,    2,    -1,    0,    0,  0,  0,  0,  1,  0,  0,  0,  0,  0,  0,  0,  0,  0,  0,  0,  0,  0,  0,  0,  0,  0,  0,  0,  1,  0,  0,    0,     7.2         0    0        298.15  0
Pb(CO3)2, 1,    2,    -1,    0,    0,  0,  0,  0,  1,  0,  0,  0,  0,  0,  0,  0,  0,  0,  0,  0,  0,  0,  0,  0,  0,  0,  0,  0,  2,  0,  0,    0,    10.5         0    0        298.15  0
PbHCO3,   1,    2,    -1,    0,    1,  0,  0,  0,  1,  0,  0,  0,  0,  0,  0,  0,  0,  0,  0,  0,  0,  0,  0,  0,  0,  0,  0,  0,  1,  0,  0,    0,    17.8         0    0        298.15  0
PbSO4,    1,    2,    -1,    0,    0,  0,  0,  0,  1,  0,  0,  0,  0,  0,  0,  0,  0,  0,  0,  0,  0,  0,  0,  0,  0,  0,  1,  0,  0,  0,  0,    0,     2.75        0    0        298.15  0
Pb(SO4)2, 1,    2,    -1,    0,    0,  0,  0,  0,  1,  0,  0,  0,  0,  0,  0,  0,  0,  0,  0,  0,  0,  0,  0,  0,  0,  0,  2,  0,  0,  0,  0,    0,     3.47        0    0        298.15  0
PbCl,     1,    2,    -1,    0,    0,  0,  0,  0,  1,  0,  0,  0,  0,  0,  0,  0,  0,  0,  0,  0,  0,  0,  0,  0,  0,  0,  0,  1,  0,  0,  0,    0,     1.59        0    0        298.15  0
NiOH,     1,    2,    -1,    0,   -1,  0,  0,  1,  0,  0,  0,  0,  0,  0,  0,  0,  0,  0,  0,  0,  0,  0,  0,  0,  0,  0,  0,  0,  0,  0,  0,    0,    -9.9         0    0        298.15  0
Ni(OH)2,  1,    2,    -1,    0,   -2,  0,  0,  1,  0,  0,  0,  0,  0,  0,  0,  0,  0,  0,  0,  0,  0,  0,  0,  0,  0,  0,  0,  0,  0,  0,  0,    0,   -19.0         0    0        298.15  0
NiCO3,    1,    2,    -1,    0,    0,  0,  0,  1,  0,  0,  0,  0,  0,  0,  0,  0,  0,  0,  0,  0,  0,  0,  0,  0,  0,  0,  0,  0,  1,  0,  0,    0,     2.41        0    0        298.15  0
NiHCO3,   1,    2,    -1,    0,    1,  0,  0,  1,  0,  0,  0,  0,  0,  0,  0,  0,  0,  0,  0,  0,  0,  0,  0,  0,  0,  0,  0,  0,  1,  0,  0,    0,    13.41        0    0        298.15  0
NiSO4,    1,    2,    -1,    0,    0,  0,  0,  1,  0,  0,  0,  0,  0,  0,  0,  0,  0,  0,  0,  0,  0,  0,  0,  0,  0,  0,  1,  0,  0,  0,  0,    0,     2.32        0    0        298.15  0
NiCl,     1,    2,    -1,    0,    0,  0,  0,  1,  0,  0,  0,  0,  0,  0,  0,  0,  0,  0,  0,  0,  0,  0,  0,  0,  0,  0,  0,  1,  0,  0,  0,    0,     0.4         0    0        298.15  0
--------------------------------------------------------------------------------
Linked Lists
--------------------------------------------------------------------------------
Phase    iTemp iMonte pH  Cu L1  L2  L3  L4  Ca  Mg   Na  K  SO4  Cl CO3 PO4 BL1 BL2   Log K    Var Log K   Delta H    Temp        Moles
CO2(g)
--------------------------------------------------------------------------------
File I/O and System Description
                              |  File with sequence of input chemistry (next line)
D:\MODELS\CHESS315\CU\LC50.WK1
 2                            |  Type of file (1 = ASCII
                              |
                              |  Name of output file (next line)
lc50??.WKS
 2                            |  Type of file (1 = ASCII
                              |
 1                            |  Simulation Type
                              |  (1 = Batch
                              |
 1                            |  Number of Layers
                              |
 0                            |  Number of Monte Carlo Simulations
                              |
 1.0000E-06                   |  Error Tolerance
                              |
 500                          |  Maximum Iterations
                              |
                              |  Output file contents
-1                            |     Concentrations?
-1                            |     Totals?
 0                            |     Equilibrium constants?
 0                            |     Residuals?
 0                            |     Activity Coefficients?
-1                            |     Phase Sat. Indices?
 0                            |     Phase Ion Activity Products?
 
User Notes:
 
[Metal]: Cu
 
[BL]: BL2
 
[BL-Metal]: Cu
 
[DOC]: DOC
 
[THERMO]:
 
[CRITICAL]: 6140.587
 
 
[END]:
 
          From Oxalate                              From NOM
          Log K                                     Target dMin     Max
 
Cu:           4.85(25
Zn:           3.58(25
Ca:           3.19(25
Mg:           2.76(20
Na:            0.5(25
K:            0.33(25
lpy for CuCO3 is from Byrne et al. (1988)
 
 
 
[BL-Metal]: BL1-Cu
[BL-Metal]: BL1-CuOH
[BL-Metal]: BL2-Cu
[BL-Metal]: BL2-CuOH


#==================================================================================================
NOTES:  File derived from 'aamix_NTA.dat'.
    2014-07-07:     Added GlS, Cys, and Hqu, as well as inorganic chemistry information for Ni, Pb,
                    Zn.  Site densities for DOC soup were calibrated with PEST.  
                    The DOC soup components are as follows:
                        ABBR.   NAME                        FORMULA
                        ----------------------------------------------------
                        Ala     Alanine                     C3H7N1O2
                        Glu     Glutamine                   C5H10N2O3
                        His     Histadine                   C6H9N3O2
                        Met     Methionine                  C5H11N1O2S1
                        Phe     Phenylalanine               C9H11N1O2
                        Ser     Serine                      C3H7N1O3
                        Try     Typtophan                   C11H12N2O2
                        NTA     Nitrilotriacetic acid       C6H9N1O6
                        Cys     Cysteine                    C3H7N1O2S1
                        Hqu     8-Hydroxyquinoline          C9H7N1O1
                        GlS     Glutathione disulfide       C20H32N6O12S2
    2014-07-22:     Added the phytochelatin EC4 (Glu-Cys)4-Gly =
                        (C5H10N2O3-C3H7N1O2S1)4-C2H5N1O2 = C34H73N13O22S4
                    Forced NTA and Hqu to 1E-15.  
                    Optimized in PEST to get site densities of all DOC soup components, based on free Cu.  
                    Renamed from "DOC_soup_2014-07-07.dat" to "EC4_noNTA_DOC_soup_2014-07-22.dat"

#================================================================================================== 
 
 
